0.0 0.0 0.0 647.87225 615.70844
1.0 0.0 0.0 611.9874 604.0668
2.0 0.0 0.0 578.1192 591.8395
3.0 0.0 0.0 545.0065 581.01324
4.0 0.0 0.0 513.19257 570.68036
5.0 0.0 0.0 482.81122 560.69684
6.0 0.0 0.0 453.68936 550.7229
7.0 0.0 0.0 425.69092 541.2962
8.0 0.0 0.0 398.39258 531.9507
0.0 1.0 0.0 665.86096 586.4705
1.0 1.0 0.0 630.1585 576.1148
2.0 1.0 0.0 595.99695 565.1985
3.0 1.0 0.0 563.4421 555.1881
4.0 1.0 0.0 532.62274 545.5284
5.0 1.0 0.0 502.2738 535.9851
6.0 1.0 0.0 473.5901 526.70874
7.0 1.0 0.0 446.2052 517.9012
8.0 1.0 0.0 418.21634 509.95654
0.0 2.0 0.0 682.01196 559.58545
1.0 2.0 0.0 646.6694 549.7688
2.0 2.0 0.0 613.60486 539.5404
3.0 2.0 0.0 581.8621 530.4003
4.0 2.0 0.0 551.3467 521.6107
5.0 2.0 0.0 521.5708 512.54645
6.0 2.0 0.0 492.8356 503.92905
7.0 2.0 0.0 465.49948 495.93954
8.0 2.0 0.0 438.74384 487.81625
0.0 3.0 0.0 697.4606 533.7549
1.0 3.0 0.0 663.5059 523.9109
2.0 3.0 0.0 630.7436 515.0875
3.0 3.0 0.0 599.1892 506.63904
4.0 3.0 0.0 568.37335 498.54547
5.0 3.0 0.0 539.6874 489.9371
6.0 3.0 0.0 510.7874 482.552
7.0 3.0 0.0 483.9475 474.78436
8.0 3.0 0.0 457.73447 467.7603
0.0 4.0 0.0 713.1602 509.38086
1.0 4.0 0.0 678.90576 500.36823
2.0 4.0 0.0 645.9287 491.94598
3.0 4.0 0.0 614.9806 484.21786
4.0 4.0 0.0 585.4589 476.3991
5.0 4.0 0.0 556.5332 469.02188
6.0 4.0 0.0 528.78326 461.96857
7.0 4.0 0.0 501.45374 454.7391
8.0 4.0 0.0 475.30356 447.72467
0.0 5.0 0.0 725.6504 486.09393
1.0 5.0 0.0 694.32007 477.9774
2.0 5.0 0.0 662.0405 470.9218
3.0 5.0 0.0 631.1006 462.61545
4.0 5.0 0.0 601.4952 455.56668
5.0 5.0 0.0 572.5052 449.09875
6.0 5.0 0.0 545.2187 442.04868
7.0 5.0 0.0 518.2441 435.36514
8.0 5.0 0.0 492.7404 428.7743
