0.0 0.0 0.0 678.0068 506.66962
1.0 0.0 0.0 650.7592 508.08365
2.0 0.0 0.0 622.90924 509.93604
3.0 0.0 0.0 596.2395 511.41287
4.0 0.0 0.0 569.1938 512.7937
5.0 0.0 0.0 541.9154 514.6706
6.0 0.0 0.0 515.2863 516.29083
7.0 0.0 0.0 488.77295 517.5886
8.0 0.0 0.0 462.28537 518.76074
0.0 1.0 0.0 675.706 482.23898
1.0 1.0 0.0 648.82477 483.79886
2.0 1.0 0.0 621.8882 485.29678
3.0 1.0 0.0 594.8458 486.92465
4.0 1.0 0.0 568.6889 488.5647
5.0 1.0 0.0 541.7022 489.9626
6.0 1.0 0.0 515.65314 491.61832
7.0 1.0 0.0 489.2233 493.17148
8.0 1.0 0.0 463.32608 494.8261
0.0 2.0 0.0 673.7321 457.95294
1.0 2.0 0.0 647.3302 459.74274
2.0 2.0 0.0 620.5122 461.213
3.0 2.0 0.0 594.3485 462.82892
4.0 2.0 0.0 568.01044 464.81458
5.0 2.0 0.0 541.77747 466.2886
6.0 2.0 0.0 515.5994 468.14743
7.0 2.0 0.0 490.1585 469.62622
8.0 2.0 0.0 464.64835 470.97617
0.0 3.0 0.0 671.58185 434.91693
1.0 3.0 0.0 645.5176 436.61377
2.0 3.0 0.0 618.93317 438.27097
3.0 3.0 0.0 593.26465 439.9843
4.0 3.0 0.0 567.5081 441.70013
5.0 3.0 0.0 541.66833 443.2698
6.0 3.0 0.0 516.2701 445.1043
7.0 3.0 0.0 490.805 446.65213
8.0 3.0 0.0 465.28113 448.22107
0.0 4.0 0.0 669.5984 412.40796
1.0 4.0 0.0 643.8507 414.0608
2.0 4.0 0.0 618.23566 415.61145
3.0 4.0 0.0 592.33923 417.52405
4.0 4.0 0.0 566.7981 419.10968
5.0 4.0 0.0 541.3792 420.78818
6.0 4.0 0.0 516.28955 422.83023
7.0 4.0 0.0 491.12207 424.1526
8.0 4.0 0.0 466.1549 425.90356
0.0 5.0 0.0 667.85455 390.08652
1.0 5.0 0.0 642.336 392.0529
2.0 5.0 0.0 616.86334 393.6955
3.0 5.0 0.0 591.1787 395.7194
4.0 5.0 0.0 566.5979 397.53967
5.0 5.0 0.0 541.3481 399.12137
6.0 5.0 0.0 516.3542 401.29633
7.0 5.0 0.0 491.74625 402.64157
8.0 5.0 0.0 467.03464 404.5137
