0.0 0.0 0.0 600.84015 582.14557
1.0 0.0 0.0 577.4079 568.60974
2.0 0.0 0.0 553.8895 555.396
3.0 0.0 0.0 530.69226 542.14575
4.0 0.0 0.0 507.4056 529.1831
5.0 0.0 0.0 484.39368 516.00433
6.0 0.0 0.0 461.51688 503.13712
7.0 0.0 0.0 438.62183 489.92734
8.0 0.0 0.0 415.73813 477.09363
0.0 1.0 0.0 612.82794 562.1121
1.0 1.0 0.0 589.06274 548.6245
2.0 1.0 0.0 565.2582 535.3508
3.0 1.0 0.0 541.77673 522.0397
4.0 1.0 0.0 518.2899 508.68884
5.0 1.0 0.0 494.9974 495.53598
6.0 1.0 0.0 471.60855 482.56497
7.0 1.0 0.0 448.61505 469.47095
8.0 1.0 0.0 425.47528 456.43015
0.0 2.0 0.0 625.1701 541.87024
1.0 2.0 0.0 601.1565 528.05334
2.0 2.0 0.0 577.2495 514.61523
3.0 2.0 0.0 553.32697 501.31158
4.0 2.0 0.0 529.5019 488.06738
5.0 2.0 0.0 505.84216 474.7538
6.0 2.0 0.0 482.39188 461.58057
7.0 2.0 0.0 458.92438 448.489
8.0 2.0 0.0 435.6547 435.40335
0.0 3.0 0.0 637.57263 520.7064
1.0 3.0 0.0 613.3994 507.2341
2.0 3.0 0.0 589.2466 493.66608
3.0 3.0 0.0 564.9627 480.42776
4.0 3.0 0.0 541.0891 466.92697
5.0 3.0 0.0 517.09625 453.62582
6.0 3.0 0.0 493.13617 440.13083
7.0 3.0 0.0 469.55923 427.02365
8.0 3.0 0.0 445.68393 413.89984
0.0 4.0 0.0 650.3625 499.3594
1.0 4.0 0.0 625.8351 485.88486
2.0 4.0 0.0 601.4181 472.17047
3.0 4.0 0.0 577.10455 458.55453
4.0 4.0 0.0 552.46344 445.24878
5.0 4.0 0.0 528.4424 431.701
6.0 4.0 0.0 504.3408 418.37964
7.0 4.0 0.0 480.29382 404.9435
8.0 4.0 0.0 456.52118 391.78107
0.0 5.0 0.0 663.6421 477.63116
1.0 5.0 0.0 638.8946 463.80887
2.0 5.0 0.0 613.88727 450.2354
3.0 5.0 0.0 589.57916 436.4847
4.0 5.0 0.0 564.4182 422.7817
5.0 5.0 0.0 540.32306 409.80612
6.0 5.0 0.0 515.6244 395.88788
7.0 5.0 0.0 491.37897 382.3809
8.0 5.0 0.0 467.05945 368.98004
